0 Untitled Model
0 Name:  Stag Beetle_Copy_Copy
0 Author:  
0 CustomBrick
1 6 0.000000 31.999970 -50.000000 1.000000 0.000000 0.000000 0.000000 1.000000 0.000001 0.000000 -0.000001 1.000000 18649.dat
1 6 0.000000 31.999980 -30.000000 1.000000 0.000000 0.000000 0.000000 1.000000 0.000001 0.000000 -0.000001 1.000000 18649.dat
1 6 30.000000 24.000000 -30.000000 1.000000 0.000000 0.000000 0.000000 1.000000 0.000000 0.000000 0.000000 1.000000 3024.dat
1 6 30.000000 24.000000 -50.000000 1.000000 0.000000 0.000000 0.000000 1.000000 0.000000 0.000000 0.000000 1.000000 3024.dat
1 6 0.000000 39.999970 -50.000020 1.000000 0.000000 0.000000 0.000000 1.000000 0.000001 0.000000 -0.000001 1.000000 2540.dat
1 6 0.000000 39.999990 -30.000010 -1.000000 0.000000 0.000000 0.000000 1.000000 -0.000001 0.000000 -0.000001 -1.000000 2540.dat
1 6 -20.000000 23.999970 -39.999980 -1.000000 0.000000 0.000000 0.000000 1.000000 -0.000001 0.000000 -0.000001 -1.000000 3020.dat
1 70 19.999970 41.999880 -70.000020 -1.000000 0.000000 0.000000 0.000000 1.000000 0.000000 0.000000 0.000000 -1.000000 13564.dat
1 70 20.000000 42.489100 -10.000000 -1.000000 0.000000 0.000000 0.000000 -1.000000 0.000000 0.000000 0.000000 1.000000 13564.dat
1 70 30.000000 16.000000 -50.000000 1.000000 0.000000 0.000000 0.000000 1.000000 0.000000 0.000000 0.000000 1.000000 25269.dat
1 70 -50.000000 15.999970 -50.000000 0.000000 0.000000 1.000002 -0.000001 1.000000 0.000000 -1.000002 -0.000001 0.000000 25269.dat
1 70 -50.000000 15.999990 -29.999920 -1.000000 0.000000 0.000000 0.000000 1.000000 -0.000001 0.000000 -0.000001 -1.000000 25269.dat
1 70 10.000000 15.999960 -49.999980 0.000000 0.000000 1.000000 0.000000 1.000000 0.000000 -1.000000 0.000000 0.000000 25269.dat
1 70 10.000000 15.999980 -29.999980 -1.000000 0.000000 0.000000 0.000000 1.000000 0.000000 0.000000 0.000000 -1.000000 25269.dat
1 70 30.000000 16.000000 -30.000000 0.000000 0.000000 -1.000000 0.000000 1.000000 0.000000 1.000000 0.000000 0.000000 25269.dat
1 70 -20.000000 15.999970 -39.999980 0.000001 0.000000 1.000000 -0.000001 1.000000 0.000000 -1.000000 -0.000001 0.000001 3068b.dat
1 308 16.000010 62.000010 -7.999900 1.000000 0.000000 0.000000 0.000000 0.000005 1.000000 0.000000 -1.000000 0.000005 61252.dat
1 308 26.000000 61.999960 0.000100 -1.000000 0.000000 -0.000001 0.000000 0.000005 -1.000000 0.000000 -1.000000 -0.000005 3069b.dat
1 308 -16.000000 59.280860 0.265060 1.000002 0.000000 0.000000 0.000000 0.422622 0.906305 0.000000 -0.906306 0.422621 61252.dat
1 6 -40.000000 31.999980 -30.000000 -1.000000 0.000000 0.000000 0.000000 1.000000 -0.000001 0.000000 -0.000001 -1.000000 2540.dat
1 6 -40.000000 31.999970 -50.000000 1.000000 0.000000 0.000000 0.000000 1.000000 0.000001 0.000000 -0.000001 1.000000 2540.dat
1 308 -16.000000 59.280820 -80.265070 -1.000000 0.000000 0.000000 0.000000 0.422623 0.906306 0.000000 0.906306 -0.422623 61252.dat
1 308 -56.000000 53.348840 -4.557320 1.000000 0.000000 0.000000 0.000000 0.173653 0.984807 0.000000 -0.984807 0.173653 61252.dat
1 308 26.000000 61.999790 -80.000060 -0.999999 0.000000 -0.000002 -0.000002 0.000006 1.000000 0.000000 0.999998 -0.000006 3069b.dat
1 308 15.999980 61.999840 -72.000140 -1.000002 0.000000 0.000000 0.000000 0.000006 0.999998 0.000000 0.999998 -0.000006 61252.dat
1 308 -56.000000 53.348760 -75.442740 -1.000002 0.000001 0.000000 0.000000 0.173654 0.984806 0.000001 0.984807 -0.173654 61252.dat
